A = [0 1 1 1 1 0 0; 1 0 1 0 0 1 0; 1 1 0 0 1 1 0; 1 0 0 0 1 0 1; 1 0 1 1 0 1 1; 0 1 1 0 1 0 1; 0 0 0 1 1 1 0];
b = [16 22 20 29 0 0 28 0 0 31 0 0 23 32 0 35 0 25 15 12 18];

output = {[12 5 7]  [15 5 6]  [16 1 2]  [20 1 4]  [22 1 3]  [23 3 5]  [25 4 7]  [28 2 3]  [29 1 5]  [31 2 6]  [32 3 6]  [35 4 5]};



A = [0 1 0 1 0 0 0; 1 0 1 1 1 0 0; 0 1 0 0 1 0 0; 1 1 0 0 1 1 0; 0 1 1 1 0 1 1; 0 0 0 1 1 0 1; 0 0 0 0 1 1 0];
b = [7 0 5 0 0 0 8 9 7 0 0 0 5 0 0 15 6 0 8 9 11];


output = {[5 1 4]  [5 3 5]  [6 4 6]  [7 1 2]  [7 2 5]  [8 2 3]};